eighth.csv
58.20927405357361
34.04570412635803
12.777358770370483
0.3527560234069824
49.79274010658264
19.378713130950928
297.1123368740082
253.0052409172058
42.53383111953735
20.717222929000854
126.05985283851624
203.5018608570099
259.13954305648804
22.277599811553955
115.51719784736633
129.6984031200409
112.33310198783875
136.4974811077118
18.743913173675537
109.6164619922638
eleventh.csv
7.2808098793029785
0.06579303741455078
22.732402086257935
10.104570150375366
12.132545948028564
7.959146022796631
27.5410418510437
31.640323877334595
52.849509954452515
8.585985898971558
5.911871910095215
0.8677670955657959
9.919713020324707
32.805781841278076
1.6502511501312256
21.304291009902954
9.808295965194702
25.281067848205566
31.489908933639526
18.337444067001343
fifth.csv
373.19748091697693
215.72360706329346
131.1174499988556
134.89777612686157
71.71377301216125
486.1594569683075
235.42006993293762
1300.8880801200867
825.6068072319031
547.3327558040619
11.761247158050537
105.2259590625763
171.09456300735474
285.95324206352234
0.08847498893737793
616.3198881149292
459.196063041687
158.82703113555908
997.8978538513184
268.8592450618744
first.csv
124.93338394165039
109.41828393936157
156.11325407028198
104.41728806495667
37.37660217285156
128.9258749485016
2.3025569915771484
117.31024599075317
56.52149677276611
152.11126017570496
33.74655199050903
90.05716300010681
155.81730198860168
90.21617102622986
60.88624286651611
154.9139039516449
271.5766398906708
319.09599208831787
249.85093092918396
80.46698784828186
fourth.csv
322.674045085907
160.0243170261383
113.79913187026978
54.34688711166382
6.5627241134643555
28.725799798965454
281.28811407089233
158.3728849887848
209.52046394348145
44.713823080062866
107.0664930343628
128.2062168121338
191.96377897262573
103.9267749786377
354.4861400127411
10.921863079071045
8.217858076095581
172.28830194473267
0.0762169361114502
0.0721290111541748
ninth.csv
0.10334897041320801
234.4343819618225
519.6173729896545
549.103255033493
351.89095306396484
358.42586398124695
161.6533558368683
348.89084100723267
91.45724105834961
400.9629819393158
220.6724750995636
69.45412397384644
428.6153860092163
146.8668191432953
432.2799119949341
1076.5403888225555
476.1341700553894
30.928755044937134
115.56710910797119
14.706345796585083
second.csv
109.28732895851135
116.3238570690155
84.37005710601807
0.9944391250610352
10.506433963775635
67.09799289703369
4.418169975280762
31.49114489555359
45.293352127075195
69.51454091072083
0.08244490623474121
47.57361912727356
44.88711094856262
7.085708856582642
36.65706396102905
11.078452825546265
16.96670913696289
10.910914897918701
21.16422200202942
10.491034030914307
seventh.csv
50.64739489555359
11.691424131393433
108.82266688346863
31.27108407020569
57.05956983566284
90.66425704956055
16.212449073791504
220.26059985160828
74.20607209205627
8.53234601020813
151.39030003547668
82.57432389259338
134.64595079421997
74.93978905677795
50.368743896484375
49.768423080444336
1.2704179286956787
72.18525099754333
62.92309808731079
35.612528800964355
sixth.csv
1.1349239349365234
19.865843057632446
4.255743980407715
8.68413519859314
30.50500202178955
69.365403175354
62.05287218093872
15.165518045425415
1.0699450969696045
15.148746013641357
17.53851890563965
9.372080087661743
2.2302680015563965
0.11468815803527832
86.02819299697876
27.491291999816895
37.82709980010986
31.92873215675354
29.391926050186157
57.18571710586548
tenth.csv
67.60457706451416
12.987107038497925
18.837178945541382
15.174782037734985
100.91058111190796
47.81120586395264
0.4577140808105469
5.414514064788818
33.021438121795654
46.23294401168823
74.68558096885681
0.1525859832763672
0.4761509895324707
7.7133378982543945
0.9574251174926758
5.4686431884765625
6.787036895751953
50.39932703971863
0.08965802192687988
4.752378940582275
third.csv
15.698487043380737
15.723206996917725
1.8043088912963867
6.645676136016846
12.82523488998413
56.42710018157959
20.331389904022217
10.28592586517334
17.874449014663696
26.960467100143433
9.026224136352539
29.918078899383545
1.627039909362793
31.7585289478302
15.493052005767822
60.4492769241333
22.775693893432617
7.366024017333984
9.413609981536865
21.011387825012207
thirteenth.csv
23.123970985412598
11.234692096710205
65.66891503334045
50.35214281082153
157.90289092063904
16.65365195274353
147.55556988716125
16.41848397254944
67.15507793426514
164.3395369052887
0.10306191444396973
202.2625880241394
103.48787498474121
0.1029210090637207
14.810724020004272
159.29038286209106
125.00901889801025
12.804439067840576
77.58690905570984
321.08893609046936
twelfth.csv
13.55262303352356
41.74616098403931
21.318054914474487
0.14475297927856445
36.10498094558716
11.166791915893555
13.761521816253662
5.007918119430542
2.6020939350128174
30.616929054260254
4.932735919952393
0.7507998943328857
98.49636793136597
8.258152961730957
20.205520153045654
33.20874500274658
3.61989688873291
48.69197702407837
0.39194202423095703
54.862748861312866
