eighth.csv
1.4643900394439697
1.4204020500183105
1.4437360763549805
1.443497896194458
1.4178438186645508
1.4239180088043213
1.4291610717773438
1.4157559871673584
1.4266290664672852
1.4246528148651123
1.4327170848846436
1.4386820793151855
1.417640209197998
1.4344441890716553
1.426527976989746
1.4363770484924316
1.4226088523864746
1.4177029132843018
1.4293320178985596
1.4394240379333496
eleventh.csv
1.906855821609497
1.827672004699707
1.8412480354309082
1.849174976348877
1.8453199863433838
1.8476219177246094
1.8627450466156006
1.8428668975830078
1.860724925994873
1.842085838317871
1.8555679321289062
1.8646631240844727
1.8565340042114258
1.8719310760498047
1.851761817932129
1.878990888595581
1.8634178638458252
1.8449420928955078
1.8752939701080322
1.8290541172027588
fifth.csv
8.459120035171509
8.438622951507568
8.438461065292358
8.39109206199646
8.417630910873413
8.399531126022339
8.40352201461792
8.46117615699768
8.38695502281189
8.398521184921265
8.453613996505737
8.442600965499878
8.363280057907104
8.418911933898926
8.388702869415283
8.417664051055908
8.476289987564087
8.424652099609375
8.373269081115723
8.405189037322998
first.csv
0.18889498710632324
0.19514989852905273
0.1972808837890625
0.1970839500427246
0.18885493278503418
0.1879589557647705
0.19388914108276367
0.19630694389343262
0.1881411075592041
0.1889629364013672
0.1923809051513672
0.19422483444213867
0.19546103477478027
0.18347787857055664
0.18907713890075684
0.19274401664733887
0.19591498374938965
0.19720911979675293
0.1905679702758789
0.20241808891296387
fourth.csv
0.15733981132507324
0.15970683097839355
0.15437102317810059
0.15678000450134277
0.15515708923339844
0.155534029006958
0.15700101852416992
0.1564178466796875
0.15749597549438477
0.1548318862915039
0.15933012962341309
0.15591883659362793
0.16070103645324707
0.15715408325195312
0.15761399269104004
0.1573481559753418
0.1554429531097412
0.1527268886566162
0.16037702560424805
0.15510010719299316
ninth.csv
0.03343605995178223
0.029155969619750977
0.028470993041992188
0.03284811973571777
0.0290679931640625
0.029263973236083984
0.028865814208984375
0.028555870056152344
0.030661821365356445
0.02834796905517578
0.029541015625
0.028584003448486328
0.030335187911987305
0.030395984649658203
0.028527021408081055
0.028456926345825195
0.028352975845336914
0.028810977935791016
0.028465986251831055
0.0282900333404541
second.csv
1.4120750427246094
1.4126250743865967
1.4030671119689941
1.4235248565673828
1.4134080410003662
1.4339120388031006
1.4063220024108887
1.4059929847717285
1.4127919673919678
1.3940699100494385
1.3983819484710693
1.429992914199829
1.3995850086212158
1.415781021118164
1.405709981918335
1.412196159362793
1.4006822109222412
1.4114758968353271
1.4377260208129883
1.4138519763946533
seventh.csv
0.051516056060791016
0.0535731315612793
0.05040884017944336
0.05268979072570801
0.05016803741455078
0.05052304267883301
0.05025196075439453
0.05289316177368164
0.05147385597229004
0.05079388618469238
0.05014991760253906
0.050562143325805664
0.05305910110473633
0.050523996353149414
0.0529789924621582
0.05011606216430664
0.05139493942260742
0.05353093147277832
0.04983186721801758
0.05306577682495117
sixth.csv
0.06309700012207031
0.06370115280151367
0.0654749870300293
0.06525707244873047
0.06287312507629395
0.0655820369720459
0.06342577934265137
0.06428003311157227
0.0625619888305664
0.06282615661621094
0.06539511680603027
0.06362509727478027
0.06542801856994629
0.06334996223449707
0.0672140121459961
0.06428909301757812
0.06275177001953125
0.06203508377075195
0.06705808639526367
0.06491589546203613
tenth.csv
1.1376228332519531
1.1470670700073242
1.1533629894256592
1.15093994140625
1.1443238258361816
1.1452488899230957
1.15122389793396
1.1532869338989258
1.1507890224456787
1.1436150074005127
1.1477761268615723
1.1500449180603027
1.1485390663146973
1.1521730422973633
1.146164894104004
1.1610100269317627
1.1516220569610596
1.1495280265808105
1.1545100212097168
1.1496920585632324
third.csv
0.06882500648498535
0.07406115531921387
0.0690770149230957
0.0737910270690918
0.07534909248352051
0.07316899299621582
0.07228899002075195
0.07294583320617676
0.06952309608459473
0.06903696060180664
0.07335114479064941
0.06881308555603027
0.07101893424987793
0.07191896438598633
0.07569098472595215
0.06941699981689453
0.0690298080444336
0.0715780258178711
0.06906414031982422
0.06998610496520996
thirteenth.csv
0.571087121963501
0.5746870040893555
0.5584931373596191
0.5686600208282471
0.5615658760070801
0.5687730312347412
0.5586788654327393
0.5606789588928223
0.5595548152923584
0.5701329708099365
0.5670459270477295
0.5590229034423828
0.5539579391479492
0.5561079978942871
0.569068193435669
0.5724928379058838
0.5704159736633301
0.5738379955291748
0.5618782043457031
0.5701789855957031
twelfth.csv
12.366299152374268
12.30023980140686
12.293149948120117
12.37270188331604
12.289319038391113
12.385993957519531
12.287455797195435
12.370105981826782
12.350910902023315
12.3281409740448
12.350772142410278
12.347225189208984
12.346747159957886
12.363509178161621
12.356035947799683
12.39611291885376
12.291157960891724
12.471760988235474
12.36098599433899
12.431521892547607
